0,2,0,0,0,0,0,0,0,0,0,0,1,1,1,1,1,1,1,1,
0,0,2,0,0,0,0,0,0,0,0,0,1,1,1,1,1,1,1,1,
0,0,2,2,0,0,0,0,0,0,0,0,1,1,1,1,1,1,1,1,
0,0,0,2,0,0,0,0,0,0,0,0,1,1,1,1,1,1,1,1,
0,0,0,0,2,2,0,0,0,0,0,0,1,1,1,1,1,1,1,1,
0,0,0,0,0,2,2,0,0,0,0,0,1,1,1,1,1,1,1,1,
0,0,0,0,0,0,2,0,0,0,0,0,1,1,1,1,1,1,1,1,
0,0,0,0,0,0,2,2,0,0,0,0,1,1,1,1,1,1,1,1,
0,0,0,0,0,0,0,2,0,0,0,0,1,1,1,1,1,1,1,1,
0,0,0,0,0,0,0,2,0,0,0,0,1,1,1,1,1,1,1,1,
0,0,0,0,0,0,0,0,2,0,0,0,1,1,1,1,1,1,1,1,
0,0,0,0,0,0,0,0,2,0,0,0,1,1,1,1,1,1,1,1,
0,0,0,0,0,0,0,0,2,0,0,0,1,1,1,1,1,1,1,1,
0,0,0,0,0,0,0,0,0,2,0,0,1,1,1,1,1,1,1,1,
0,0,0,0,0,0,0,0,0,2,0,0,1,1,1,1,1,1,1,1,
0,0,0,0,0,0,0,0,0,2,0,0,1,1,1,1,1,1,1,1,
0,0,0,0,0,0,0,0,0,0,2,0,1,1,1,1,1,1,1,1,
0,0,0,0,0,0,0,0,0,0,2,0,1,1,1,1,1,1,1,1,
0,0,0,0,0,0,0,0,0,0,0,2,1,1,1,1,1,1,1,1,
0,0,0,0,0,0,0,0,0,0,0,2,0,2,2,2,2,2,2,2,
0,0,0,0,0,0,0,0,0,0,0,2,2,1,1,1,1,1,1,1,
0,0,0,0,0,0,0,0,0,0,0,0,2,1,1,1,1,1,1,1,
0,0,0,0,0,0,0,0,0,0,0,0,2,2,1,1,1,1,1,1,
0,0,0,0,0,0,0,0,0,0,0,0,0,2,1,1,1,1,1,1,
0,0,0,0,0,0,0,0,0,0,0,0,0,2,2,1,1,1,1,1,
0,0,0,0,0,0,0,0,0,0,0,0,0,1,2,2,1,1,1,1,
0,0,0,0,0,0,0,0,0,0,0,0,0,1,1,2,1,1,1,1,
0,0,0,0,0,0,0,0,0,0,0,0,0,1,1,1,2,1,1,1,
0,0,0,0,0,0,0,0,0,0,0,0,0,1,1,1,1,2,2,1,
0,0,0,0,0,0,0,0,0,0,0,0,0,1,1,1,1,1,2,2,
Coin(4,11)(8,11)(13,11)
Enemy(16,11)
Spike(23,12)
Player(0,11)
Exit(29,12)
